2702
3546
14444
18917
8013
16874
17645
15919
12949
12477
7713
4239
19890
574
9893
9811
16147
16700
14202
15980
1024
14237
12908
11295
86
12173
2532
12276
8689
332
12256
6250
7600
10420
8887
15613
11014
10252
15253
3963
2728
6686
11923
6339
7260
1815
19871
3406
18515
14072
3106
3259
12029
19736
18275
12115
15629
806
8112
4317
1139
4088
10567
8739
14509
3174
8072
5522
13426
3324
9485
16155
10010
5128
6214
17270
10664
6084
4396
12900
3876
7503
16159
19626
7238
14434
11740
6587
18961
19852
10905
3820
7661
5192
16280
2169
8367
4352
7691
1792
7676
897
1667
1407
6025
11602
2397
16690
1406
6794
9589
9003
18018
9468
8628
8976
7622
4089
15563
6583
10188
10403
15322
15381
6683
17491
3747
14756
5182
9260
6152
9800
14649
7559
15825
9957
16235
7657
471
9544
16660
18489
19013
9009
11185
10355
13098
6747
16938
758
16936
11062
16081
16037
1465
13571
3504
16221
2473
12764
2372
12273
7412
13653
11819
17384
3609
8053
8761
4080
1318
5420
6289
4051
14429
17474
14406
11247
7941
11344
12006
8597
6126
8086
4633
7591
5377
8137
7532
7851
4622
13625
3844
15755
7277
15663
13138
14607
7437
1898
18687
8755
11040
8696
16527
9189
9890
10932
436
17832
5996
12442
6428
12122
4248
14783
3433
9625
2919
14686
1196
11262
8311
5041
7017
19309
4424
154
13916
15582
5774
16323
8057
16814
8740
4583
9723
18630
15516
10159
16461
1511
6321
6610
17355
10569
1392
4508
3915
8032
19195
8832
3015
11226
17594
10032
14255
2018
13907
11891
17600
3401
11935
9378
214
674
13961
13659
19304
9476
7538
19486
14709
13860
6095
15784
8149
11208
4012
15785
2960
6927
4617
5975
1873
2210
16007
16129
7949
13635
8019
9270
17036
3674
18648
971
4348
12608
14630
3652
5805
2167
3137
4234
19748
12953
3738
7897
4160
7750
3681
7120
14678
12019
16817
16551
17951
16544
16400
5899
10178
4419
15169
10935
11814
17537
11906
16163
13866
10256
3535
19671
16144
6672
7625
15892
3345
11363
7509
19113
14911
2066
17511
6930
18883
14062
4880
15427
10461
10779
5604
18601
9669
259
10415
10926
12165
10298
4791
2420
13833
8182
2285
4225
15807
18177
7570
10890
5685
18796
13724
595
861
11234
11246
3465
9016
16126
18892
3198
10626
8216
1798
4015
8476
15934
14941
4361
6231
3453
10503
3784
11635
12788
8009
11163
10964
19300
2052
369
18095
19497
4685
2677
10731
15932
6142
3467
15778
8754
6665
6403
16970
12185
14139
9166
8118
12801
13528
18071
16254
4030
1854
11609
16818
13585
2771
11502
12884
8545
11871
10979
8041
16556
17377
2492
12487
7239
5960
8265
15993
16346
18389
12962
8530
16249
2128
9049
15656
2160
9023
4014
631
223
1319
7124
11725
14204
19390
7316
8903
11151
3871
6279
17365
79
13518
7045
12065
9510
3390
14174
6192
11921
10422
12041
16011
3191
11417
18171
12214
14823
5905
12846
18767
7225
3690
14212
1428
3079
1527
14052
14230
9120
330
11594
9199
17569
18639
4984
10799
5750
2878
711
1391
13301
12753
17402
16492
4169
15572
8706
2713
5197
5272
1479
12422
8962
15692
17571
15762
939
11622
13712
10059
15673
9027
2978
16962
11386
11683
7760
17136
14562
8472
18527
11583
4945
19649
8074
9114
15220
500
15548
417
9493
17028
16560
2175
16440
14131
1657
1099
9473
15370
11159
5146
17858
2107
19503
9541
13589
16639
7823
5781
18886
19406
10726
18535
11200
3560
17475
15422
19109
1612
4914
19857
18173
10811
16296
16024
12468
1115
9217
7837
15995
18084
15954
13853
3912
15457
7114
17501
15816
14937
3281
18422
18063
17728
16956
9262
1287
14431
4683
395
19764
13319
251
17936
4129
267
17680
16597
1383
6897
8155
17378
8701
7829
14951
12613
7006
2064
10113
2821
721
17115
4964
18784
14842
1919
8046
16130
70
16450
245
3555
9768
497
1490
13897
4485
2891
14215
5868
13509
2369
6967
2209
10198
1917
925
7703
8656
7467
12145
9492
12431
14650
8054
18072
6416
7904
1862
2865
8150
5417
12634
8647
10629
10251
13132
13520
4465
2721
10749
10555
9688
12958
4474
15326
11501
5399
6749
157
12866
2615
9649
5297
17265
1423
7089
3680
9328
8951
6545
17478
14369
2899
9845
4997
13151
6697
2237
1336
9418
12986
2826
5943
1165
9206
12343
1322
2071
14958
14692
11089
12222
16115
18178
15902
5442
7129
6168
6640
5218
9067
16485
10215
5938
3182
16173
10996
12600
9158
6608
19148
18822
1020
19987
3341
13363
5029
9133
12042
3441
222
4263
19557
2120
3886
8719
12970
13775
15360
1908
2841
11844
12123
12501
18747
12016
7217
15068
1173
17546
3716
11681
18956
7423
15022
16039
12453
4154
8080
19615
8097
16065
13939
19951
11611
6908
13725
10691
8817
286
6255
4660
16508
5002
16677
7445
69
1570
4990
18005
9007
16671
16960
16431
15413
16719
12604
19568
4799
12218
7664
863
15110
1602
4534
10441
12232
1979
1131
4769
5986
11107
9429
6215
16109
9826
13660
19899
15118
18651
17903
7845
19042
18583
4275
14455
15302
599
14022
3821
12818
5406
8405
11648
10730
12939
2088
2961
6940
11451
4624
18047
4600
14560
17877
14427
8220
17775
13265
6870
19399
1109
5911
1701
9106
365
723
9705
18108
4544
6243
3514
17891
17965
9608
19979
4646
8246
6918
16097
16592
8686
696
6562
18844
19371
12108
9961
11176
16939
19594
12878
6044
19959
13601
19470
1787
18146
5713
9022
14815
3603
6986
4423
3582
11632
16390
14221
7728
16702
2906
11574
10989
14665
1246
3096
4626
3755
4219
5299
7898
2621
12990
13406
4487
18703
2427
19302
2305
13134
4765
7556
7550
16214
4257
10456
8359
19552
3645
19348
14217
8612
6164
2563
1033
13641
10054
7160
2121
12675
149
15528
882
2572
17955
3904
4878
14810
11350
18207
19575
2626
5756
19510
10604
19934
11589
10156
7299
14657
4372
15911
820
10656
16944
18182
1158
10718
5342
3279
7113
5491
2527
7995
11785
4203
11900
16663
6970
18590
2307
9596
8067
1816
3920
11721
17126
14076
19020
11782
2168
14930
16324
12824
15594
14505
17703
6312
19847
4703
17146
9059
7230
5141
843
15154
761
1226
14166
7731
3536
16474
1047
11603
2010
4967
3323
19137
2764
6063
10918
4932
992
10962
1477
307
5467
2900
10340
5313
7603
7485
18093
18555
16347
2656
17429
17108
3882
11595
8559
7419
11789
9606
2742
17520
18295
6066
16656
4779
12129
9711
16843
5977
14909
870
11444
17810
14931
478
2415
18571
11408
18763
1227
8837
19591
8830
431
19970
15941
1476
2712
13460
3491
12499
13837
8270
4627
8852
17982
5190
14829
16611
9781
6273
14420
4711
10472
7274
10848
9042
18682
13331
13990
7518
12921
6541
11670
1070
6510
7610
6268
9222
9759
1720
18628
18030
10069
7479
19732
18980
6028
16342
12301
14483
13472
2772
1756
4319
15536
437
17650
13246
11677
14292
19787
3346
19083
6297
10957
5350
19240
15748
960
18096
13139
14750
9295
16591
13729
15323
12932
2489
11345
7414
15962
14117
9170
4001
13373
13329
5372
6619
5005
19664
10126
12072
18746
143
3028
7817
19384
2496
2926
343
4312
19786
18814
13607
16376
12542
8930
13028
15032
274
442
14714
18112
13333
2435
15206
10382
7807
5545
19108
11191
15671
11180
9937
15815
17929
1474
15198
425
4400
19262
8458
7906
18075
2065
8002
14337
14716
1029
9368
14990
7802
16822
18526
10238
12027
12628
18045
17572
11736
9236
13243
2915
2893
12778
4367
11696
4989
12488
13448
4114
16473
15513
12116
10809
10228
13145
3898
8938
2058
11700
5759
4304
1937
17787
16932
19983
15358
8667
12321
11582
19553
8819
7640
514
1135
127
15192
14583
7962
15385
13816
77
6194
7764
16943
10092
19001
1791
6182
3304
7450
3968
3957
11153
3046
12624
4091
19089
7927
7364
7907
4073
15004
12143
8929
18852
7334
3512
6813
2719
1048
10611
8813
11274
2725
9235
10275
8237
19138
17300
15687
3105
1256
6839
9873
17602
14651
12682
5528
2014
4309
13322
738
16452
2250
19590
7507
9483
6402
10226
10532
733
6580
3065
12008
13026
16021
6003
1262
15159
3302
670
1984
8280
15578
5881
8259
15130
11616
12569
8451
12355
9020
10701
11944
184
2067
10473
14437
2800
773
1222
14808
13799
17243
810
18783
12401
7834
19453
18107
16114
10682
13684
5715
16563
5664
844
8179
1953
533
14694
19996
16198
14942
3900
18265
5414
18337
4786
9909
3707
522
4125
16644
15680
5662
11793
16345
12155
1228
16628
17819
2072
8527
19772
15088
12781
14465
18804
8979
13127
2704
7243
18542
4761
12171
15344
15878
12284
3189
8927
18869
11471
7398
14382
7815
15610
8164
1091
1402
16691
16490
9472
2768
15293
2171
15896
1717
9414
18158
6479
5164
10328
18241
4228
9926
10524
7417
15735
3171
10006
7206
4387
18742
13842
3717
6905
14933
5119
3596
19516
5329
16789
6005
621
18960
1900
6060
12094
57
12539
978
14106
14500
5206
4031
5023
16344
19767
11915
6349
10693
2484
14457
9434
16326
1894
16340
14980
7013
3656
14495
16063
444
499
405
3124
6120
6465
15218
6177
2724
16197
282
17224
5123
8035
5967
1467
11522
17882
11537
2214
5994
412
7888
7987
15392
18623
11643
18406
15808
17828
18811
18932
3947
5275
17871
13846
7999
14067
17849
8943
19190
5883
14910
4377
1125
12792
15915
3339
16878
5629
14988
17290
17238
6695
12681
19581
2059
10009
17987
17867
7836
16797
16799
11783
5793
14669
5628
13792
12456
3477
2735
15366
13081
19744
14207
14157
19379
1266
11035
5007
12045
2244
6670
8447
1825
8729
18456
3532
6595
6291
328
1794
6121
5503
11144
3634
1679
18342
10090
17046
11422
7734
509
9349
5612
19888
10616
367
8615
10590
12412
14580
17260
858
125
5988
3034
3657
16305
13046
3986
7139
14841
13828
12643
5984
17462
14322
7551
19468
19007
15597
12538
8339
19205
6874
7819
17464
1117
2399
18445
5697
2524
8153
12452
4457
5498
13889
11597
4059
7716
7960
13764
8899
6002
1809
1090
19177
16687
17535
7515
4408
7431
5593
1059
9830
7758
10477
16076
2928
2257
8426
19867
19407
16206
7582
7366
9969
16481
13368
11778
16652
18179
16776
15828
18587
14310
7064
18199
2439
3284
11753
4343
19181
19511
18541
15256
19142
1469
1233
3230
13616
2636
9822
12402
13723
19791
7091
15290
9255
8990
8803
7576
10095
15867
9495
16255
2872
15125
8007
10936
18026
11238
9477
13281
14101
10946
18235
17331
8282
19334
19968
1824
15456
13690
1615
8059
4501
625
1034
17213
12690
13559
8509
2784
13146
2760
16018
16850
14488
6954
14875
5726
151
11876
19827
14818
10110
877
3099
13164
4565
4924
8619
1976
10260
399
10885
1433
7410
7295
18713
15920
10079
11859
14494
11048
2271
494
2422
4041
17240
15074
4918
339
9484
8984
576
15181
19244
975
5378
13849
6130
12789
1143
4842
12429
14943
421
10073
11503
15740
4566
2550
18011
17655
3044
433
2618
7085
1393
1412
15724
5453
8928
13946
4108
17401
14922
9487
14970
4772
16113
13335
18425
14777
13757
9496
504
12550
11227
18159
11660
4497
6399
16775
5909
2122
2227
19279
14772
16665
13224
18880
17786
11866
8366
12756
16638
18083
12589
9973
16507
7365
8724
13644
666
9228
9914
11893
5507
15604
15627
4048
5233
1470
9996
4511
16242
6660
1456
18842
8167
10929
922
9960
9011
17232
3653
5518
4597
14824
17963
1961
19211
10912
11103
1103
2097
1343
451
9866
10297
1921
19863
18530
1883
10243
19986
724
2130
13307
15374
3052
6987
4385
4005
14361
9903
8602
9184
11586
14284
8394
2497
6159
3218
10984
9036
11435
2623
7318
17077
2485
5847
2680
16449
5832
7125
18580
2860
2499
5352
9847
6884
9357
7929
507
17113
15814
15964
2032
5843
16167
16827
8923
7290
11982
11546
18329
12779
14031
4176
15459
14201
10008
6305
12780
12868
8804
18132
6436
19409
11210
14365
19916
12889
15729
8146
1481
18417
8033
15471
15243
16957
6481
8502
4810
3724
6254
8986
2904
454
2714
9209
16955
18013
15086
9460
17421
10016
3824
1056
2905
505
15478
14610
1987
13894
6363
17458
12858
3319
3939
3803
15543
12470
11248
1796
1455
14152
5971
3360
2925
7193
1372
1731
16653
2513
11748
4197
18374
10661
7796
13851
5270
13504
11466
11633
14682
4323
18674
2341
11847
14216
14811
3094
19733
17247
9424
7877
606
16070
15070
5700
17801
11723
8213
13269
19225
15363
10301
10741
12935
15571
4244
10925
2646
12444
9598
4988
8011
7534
19799
11105
10987
3506
8351
410
11383
12679
16480
6452
18379
18001
1895
10312
14991
1536
9536
14074
11837
3997
7008
11129
8241
15129
2053
10888
11293
15372
19597
6626
19395
10409
17613
6621
2480
1743
18004
1943
8177
17258
3664
13793
11291
2375
19050
4547
10887
7178
5736
506
11510
11394
17321
10602
10990
16625
17228
10754
18561
4447
13234
4024
2451
12114
14349
13092
13352
8141
4382
15728
7191
12651
12177
1195
3075
9103
6424
13366
11527
3048
14314
9353
13802
12874
13801
10756
16898
16252
2869
6585
14321
19937
2461
4064
15664
16715
11561
17910
14637
6425
3332
3739
12910
148
10163
6275
15396
588
4749
10733
17183
18550
1489
14080
18522
8079
12842
4040
4322
15303
8105
12397
8540
15268
11288
6450
9904
1434
13503
17364
14344
13651
4340
9046
4928
17516
2633
2111
4122
19912
14586
15922
4297
7427
19963
12340
6451
11788
16046
18848
327
11313
13856
10498
4937
4000
2301
13355
1371
17695
5448
2622
11654
8081
8454
7719
15924
12087
2304
11846
104
13453
15529
19904
8489
2471
11364
19803
16327
5583
8460
11617
9583
14482
8692
10955
11751
6386
5093
17200
12729
16747
9001
4904
8186
4925
16991
16771
17095
16020
9538
7056
1747
13759
18420
1549
13806
4002
9143
17307
4491
17835
8261
16243
4220
17075
17163
17542
6163
5574
5728
11088
2564
3660
11579
3379
11324
7598
6332
14654
18385
3811
16795
3655
17617
4517
13665
6760
1823
1876
4594
13805
1839
12536
10879
2722
13206
12142
8886
18780
1590
3694
5064
5250
15274
12164
294
6592
8801
10906
10437
1761
14561
11774
9999
8225
18534
11823
13823
6849
5627
19383
227
2105
16311
12369
10991
13959
7595
19209
17400
3479
3223
3992
12280
9849
12680
3185
4006
14441
17747
15780
4439
9692
18035
7235
4883
5610
6618
11709
5837
1926
7155
10550
15885
5560
1865
5344
2036
10673
17624
15606
3352
4529
1513
19112
9673
19410
866
9656
10365
9470
18987
16983
1178
8544
13147
12918
10470
301
10075
5332
8888
12543
14397
14645
6936
12020
10250
10288
270
13582
15522
9987
16414
5194
9396
1001
19762
10471
17557
464
11650
9821
17333
8288
290
17634
11756
14086
10937
808
2973
7200
1338
14136
15309
8144
12611
3665
9025
8860
18041
10026
17802
4217
19588
2249
19320
7876
6261
673
19632
346
7041
3086
8379
12947
17754
3688
16299
4756
1334
9044
17337
19376
2790
8487
915
2884
10316
6886
2203
18192
2877
1543
13493
18209
5704
17019
12511
13686
10264
42
2954
16341
3253
4310
7384
11896
16518
2624
1154
14887
12941
8040
17091
11132
1186
12676
18400
5617
2100
2654
2635
14611
15288
16322
8596
15330
14819
15271
15391
4496
6102
113
2619
2666
6458
3773
17553
11813
18364
14252
16720
5772
10648
15120
11389
16469
1494
17746
11079
16782
17788
3395
15832
12606
18666
14398
1945
19440
16330
3273
3118
2716
9731
10613
3989
12851
2425
6074
7102
2866
1706
6956
17939
3200
8422
12738
3702
6209
16134
19534
2535
14799
18197
16933
17636
1152
4629
7991
18604
10941
7211
17015
18034
7616
12581
19504
9322
3257
17442
12522
11679
10179
16224
17888
10033
19478
4143
8553
17674
1075
9017
19031
5948
13253
3659
13940
16483
1740
17293
8158
6984
4908
739
10208
3996
7649
6751
15676
17284
1427
3855
7567
6223
12873
10318
12172
6125
17698
6111
6328
19439
2374
17473
8389
19668
5630
19095
4575
13023
18806
14087
4393
9277
13483
9663
15973
14487
4965
5865
19635
8821
17153
9579
7470
1750
15260
5168
5308
8327
13956
2780
13623
12132
19531
5942
16275
3749
667
10001
10330
9694
15440
15295
15560
16433
4652
13250
7624
10123
5425
17539
4839
3102
318
445
16171
4806
2364
2113
4801
3088
5862
5468
16811
6815
19519
6504
2254
5784
6370
2217
9422
3340
9841
19545
6353
8691
13109
11192
17148
16467
12238
4993
14603
19153
9794
1411
8735
18983
18222
15550
2221
1524
755
14231
2573
168
11995
2733
10009
15260
9756
82
7671
2864
14995
19464
12
11462
15423
17052
175
10025
16204
13691
15157
4938
16394
17100
4209
18616
5546
5733
19371
3497
12027
10216
3666
7742
4401
17396
6723
17879
17479
14394
742
12473
13858
4475
7655
13001
5247
11552
3025
1450
5242
1902
10110
1635
19002
18040
250
4547
7493
3341
11766
19521
13557
15432
10983
1679
12827
17706
19558
10305
12100
4020
6499
9678
12217
17875
2678
17464
9426
9424
2635
14668
15047
16466
24
14049
14505
274
2316
1997
7337
14082
1517
893
9513
16222
2572
6061
13927
5850
86
9747
9871
6585
3145
2087
4460
9544
19551
13886
18968
2185
12275
17736
18651
12299
11784
16876
16294
17821
18874
3630
15624
4111
4524
5136
332
10817
14918
14260
16668
15005
7727
6538
5310
10873
12346
9770
416
11896
7377
3105
17803
3372
840
173
15671
16345
17050
11964
14165
15923
19316
9788
33
7560
18646
366
18377
13563
18347
18765
12288
6073
9023
17599
666
1368
11089
1083
16986
18466
7909
14788
1837
8749
18682
1228
8814
15731
16914
2978
11653
16229
16488
15408
3788
18854
19495
5885
16137
17841
8371
8425
7634
17394
6023
8301
2483
832
13105
3189
19299
1013
17977
4856
13483
16658
9806
2296
16110
6719
8995
7762
6668
9203
6890
14177
8056
6384
3782
4193
7945
12153
12618
15580
13268
2361
7601
19472
3193
705
2660
6212
5439
4357
14790
18922
4735
4595
844
15035
17654
12328
5423
6857
19218
19600
14913
5602
3381
2826
13547
19256
19165
12847
12523
1525
447
11994
8440
1152
18375
18373
10312
2731
13162
9233
7466
1477
17892
8311
232
15546
638
5655
6123
19856
8975
4756
9178
16078
7583
6446
15333
6747
19293
11576
19741
7290
433
4613
5664
2526
14926
8395
19410
7879
15861
886
9492
7892
4840
5037
8530
14216
14881
12107
3191
19637
5005
19269
7219
11451
18322
13967
14465
9897
9681
17926
17187
13835
2538
2850
16361
1184
11245
15770
12785
10826
377
2276
18719
8938
11034
10969
3153
5914
3075
6344
5550
11802
9333
16491
3252
7654
14178
1437
17551
3858
19363
18458
17693
5622
1307
17774
6806
16273
13544
3311
7099
17642
5587
9538
6579
341
506
9732
6255
3582
19798
15527
19105
9130
12017
2356
505
6194
3794
1776
13773
6877
234
15186
12499
1541
12959
3026
1535
6502
6337
8634
4143
15646
18172
10722
15987
18678
4175
5963
5980
3972
1489
5084
16823
17227
11162
17328
7141
18677
913
5553
3059
19820
1773
4600
12778
4799
9856
19281
11136
18490
7144
10502
381
1587
6489
2780
5762
12452
12481
9734
17662
1286
6556
18609
16169
7605
5749
18566
10430
10383
7839
13489
10202
9612
1809
2979
14411
11666
9268
13876
16846
19770
14258
18433
9979
758
7915
6151
13239
1369
3812
18246
11646
6141
14414
19251
11890
12979
9680
5993
818
3168
16195
14151
4978
2895
12283
364
12596
1550
14240
9441
5040
12218
11594
15020
12976
19509
4891
9936
877
12425
8181
16245
6316
15495
10456
3015
8896
169
7554
15785
16365
1705
4483
2980
13988
4847
19297
19259
19088
8738
4298
11305
4052
3038
8002
7282
7930
17938
11880
354
9839
8124
18920
16155
3619
13096
19171
16236
13266
6724
12020
13351
8429
16504
51
6137
5071
19348
5395
4158
11806
13415
19185
15859
16453
7186
3140
8103
5123
12178
18683
6865
14819
14838
14205
7914
17729
10440
4900
4452
2459
18251
16603
2683
2022
6460
7755
1370
11856
15634
13176
5270
14818
12755
5443
5724
15895
14568
14636
13251
1500
542
8088
15705
5816
9865
17078
13989
16045
19050
14312
18729
1071
772
10204
6162
12628
9558
19339
1618
4376
12093
7061
13821
11709
4328
8389
10053
1639
11565
14316
9727
10990
10214
19264
4575
11013
13252
619
10062
7564
3068
14854
12057
13272
1016
4684
6551
4075
6302
10927
19889
17084
8468
11597
1412
16857
1661
18496
16947
13222
11943
7936
3436
11206
12511
18170
8179
16852
11952
19920
6805
11520
16913
11542
19925
3463
19338
9947
18111
19227
7030
6578
10823
12163
3435
12485
11069
5651
9431
4291
17595
1088
11448
12521
17320
9617
699
14171
5289
3883
17812
12094
15403
14724
7357
19048
1907
6694
8994
3738
5920
19746
10316
464
11908
17472
16670
6698
3123
6100
10989
4438
10909
6157
16959
11950
1379
9841
4783
5262
7652
597
4386
6096
11675
3433
8003
18370
12428
15462
8010
15894
5778
8474
7801
6970
5143
14499
10093
14965
9208
14531
9594
19086
15211
1543
2300
16590
15106
7083
1851
2757
11402
9958
12575
3076
13392
5166
9540
19761
16898
5433
5538
9092
16955
12508
17957
15175
6322
16642
4573
6235
7189
19784
11500
9489
16373
6605
293
1945
13083
11695
11903
5657
18492
9015
9956
3658
18555
9716
4276
7708
18975
13368
4663
15203
15045
3558
1524
11686
11661
9819
1642
18850
13323
13142
12060
9696
3467
12353
15362
16550
7768
10985
2207
6259
0
13638
5599
17914
6263
15003
14647
19776
10047
18205
5021
1733
18561
3375
12436
11883
237
4495
5299
3704
568
660
3974
8336
6181
14595
2064
11954
13921
11384
13588
3904
15957
8590
2271
19454
2358
475
8195
7812
14062
6755
14908
6497
18638
15145
14713
3937
2569
15281
8318
6543
3616
19964
16446
1931
15330
2230
13885
12972
13615
7473
13292
19148
12745
5862
3343
939
13674
17405
11415
8581
7622
7446
2334
13990
10015
1335
2307
279
4951
5992
445
10604
5042
2675
8209
18014
10
19403
18611
13303
19187
1478
9768
5048
4821
14429
2443
5947
5843
11024
13569
19617
18471
19625
13606
12206
959
19635
9632
9347
16651
235
14389
19327
8444
16124
19337
7847
14734
16360
10754
16212
9849
19523
4753
4277
1965
10700
13841
12990
4269
13458
15181
7614
10784
11107
8573
14139
7313
3485
3963
2160
1595
3289
14326
17719
6347
5893
16173
2706
367
16105
12555
19890
857
552
1855
11558
18115
19548
11572
17467
10882
2355
19455
16495
15886
1380
3700
19850
7261
5295
6859
1586
3013
13206
11200
2906
19634
11567
19011
15909
11457
19869
182
17033
15147
18297
19319
18415
9868
16785
9296
15944
5357
8750
16159
4964
13851
19860
4813
4833
5154
15393
6419
11889
8599
1340
14795
11953
12907
13806
11582
8084
17395
11764
8837
12541
13781
8155
10955
7369
4939
3971
3313
14018
16442
18982
10293
3051
15126
8206
5265
3815
11506
10326
18610
7179
6954
16136
18762
18759
13530
14246
7596
9791
8027
15751
4466
19117
4411
8437
2429
18429
4879
17410
18893
8673
4924
17739
599
7831
3003
8135
3058
13330
6745
10237
4004
6601
12719
2762
131
10686
10358
13643
2433
9830
18110
1549
14241
6546
3979
16390
15146
13322
17520
14038
5715
11776
6315
13995
18501
18171
17053
15551
4915
11011
19555
15238
3729
19090
14415
12675
12732
16848
6225
10841
2118
4186
1108
6097
575
16254
3139
1815
14013
8854
4258
5788
18890
18253
4288
17061
19027
19839
5696
10037
19393
933
13766
5430
3743
11902
1825
16476
12470
8050
11037
14588
12236
15866
4405
16532
12120
11265
6132
119
6325
15641
2729
8298
19930
3510
7324
3488
9207
17361
6602
13861
14848
12032
1325
10470
17578
17801
6660
5627
12558
4969
1583
8424
13095
4264
4360
16461
14117
8200
6506
9757
14650
14804
13407
18161
2128
616
11088
3209
7218
8669
1777
2970
9994
15968
547
11515
2628
9895
4073
11318
11478
16218
4412
9592
481
12493
9773
18319
4413
16279
8075
19064
14803
1482
944
16931
2098
3861
13037
4421
5638
19728
14416
5327
3995
9651
7955
13890
17445
19273
5367
13662
7405
18680
17864
12173
16182
8032
8451
7978
7095
3253
13181
11760
3905
19000
7512
11487
12036
11934
845
15484
10070
6172
19479
19721
17848
17166
2455
14548
8246
1134
16133
11865
13307
12314
3617
5478
4012
14434
17193
6193
77
16192
13706
11564
11948
5639
12410
7431
15709
18582
6909
19150
16430
3997
35
17270
6452
14584
9236
7586
14437
892
10471
8439
10091
14484
2872
2543
11676
12786
2620
7868
6491
14185
19816
15851
10315
10968
15280
17877
14430
9046
5595
12047
12769
2993
7205
7815
4246
17677
19975
14338
15881
6567
16881
7556
19353
3221
19145
9565
17406
2681
9136
11441
13649
4416
337
15246
2566
13104
751
6861
12888
17242
9855
16242
4446
1390
4208
1364
18546
1723
11652
19147
14725
6089
12145
4289
7215
14826
13426
18657
12195
1562
18994
7441
4128
15818
12002
8600
2679
8610
5841
16255
8572
10288
17645
12781
19852
5296
14381
14194
9105
282
10441
17116
7497
8988
14262
9874
1182
15824
12588
12344
3672
8406
8067
15993
14806
16677
1834
14781
8970
15843
1750
15694
18875
16797
989
16976
14711
3006
9801
18714
13448
6916
9932
6156
4898
19806
7338
4442
12394
3403
8114
4520
15191
7828
19326
15588
9662
14106
4557
5504
10251
6307
4918
9125
3104
9629
9821
12635
19622
249
9803
10259
10181
15959
13707
7018
14142
11434
10620
9332
19262
13666
4919
8923
7771
9477
18148
1742
15784
6787
2608
136
4408
4144
16492
4030
6295
14289
2015
5974
13166
15722
12992
12765
5543
10854
4199
16163
185
3460
9829
5105
1320
18303
17973
6784
14086
4759
1371
415
8616
5780
8280
5108
13531
114
11403
11540
2129
1097
4705
1571
17811
1191
7114
8664
5390
6998
8850
12571
17676
12396
1867
15978
10369
8651
13784
18849
13744
17920
7465
3244
9920
16775
10034
7696
12035
12514
460
17456
10324
1651
4569
18989
7041
11559
3333
12114
12955
15729
17703
12653
9818
10074
10157
12388
3817
8077
19853
17997
16146
11752
7562
19591
7635
75
3772
5090
14121
9660
16830
16186
4947
8388
19519
17062
5063
18485
17716
8786
8558
7872
1173
16097
19670
4746
3157
1387
4612
14435
13139
17746
773
15970
5864
13811
6941
19245
10640
3126
4191
19028
6365
4973
4090
5332
3457
5526
14118
15737
13399
19012
11833
16789
3757
18711
18176
8369
13145
11314
4263
10891
12088
3954
16129
1672
17765
3069
916
8405
9916
5107
11153
16281
10081
18965
1613
17259
4490
19452
16716
1609
18464
8548
18399
2220
10980
16574
14311
4124
11609
18574
18736
3696
6248
14865
9089
7734
1654
10005
16139
11571
18833
11012
7851
12634
13697
13185
9893
1908
12637
6608
3517
11100
18878
5636
17041
9857
5931
11351
17702
17540
13646
16438
4956
19894
15023
14045
7627
4049
7486
11968
2219
19237
15916
16725
12850
17824
9361
19458
5062
4181
2055
10698
1222
15633
16629
13335
14168
9939
13493
2844
13554
8515
16889
4901
8912
4658
16109
880
11261
18328
4420
10497
17964
1144
3346
14227
6524
4570
12301
3350
7933
3365
1267
13304
14760
71
10578
6995
680
15480
15908
5339
11588
508
320
13636
4928
15320
9793
17884
14828
7740
8128
3118
9869
428
5828
13219
8362
304
6113
13609
8110
6184
18826
3386
14733
15925
18695
18962
12330
7610
10782
7650
17404
8665
6198
16793
9317
15012
942
9304
4031
12256
18933
10144
9585
10763
49
17493
9589
10635
4599
8042
6559
3294
7004
19345
14614
17306
10715
15738
9691
4602
9951
3334
11146
5095
19007
449
11263
3103
2990
4568
13866
6760
5781
7175
10381
15218
3953
13675
5942
10477
16740
555
11503
7455
14
1193
4368
4616
11398
14319
7950
3134
10678
6714
15981
5661
9817
2691
10229
7403
9452
19732
14579
6846
10112
9796
14521
7507
8718
13
221
15422
3748
5135
19790
8364
16533
17829
2797
962
10713
13232
663
16374
3048
7076
10323
14172
16528
10054
7094
3886
2266
1614
11393
1724
14054
19361
1738
14275
14782
18293
17572
19664
16121
1327
804
15761
19413
5188
15855
12264
9898
12512
3673
12824
19607
7559
18811
4941
2673
535
18995
5754
5994
16990
15201
120
2548
16493
2390
1540
9685
3194
17301
12818
8382
2719
4367
6774
6792
16879
10447
3336
205
1726
2147
8868
4399
6403
7862
10153
16118
14410
15039
8693
16958
11532
12197
13072
1881
6262
14094
14699
18366
14690
1138
6453
1463
3331
15631
11267
7258
17358
17135
16126
1756
3537
19655
10040
14693
10718
9945
890
13787
6738
2771
3769
4552
1190
5855
19242
2328
16029
13980
3081
16336
5246
10339
17414
2380
6464
9638
18522
13013
14174
12282
11426
2867
2999
3758
11830
10250
7997
16382
15162
17573
15623
17490
13602
48
15190
16683
105
435
10742
17519
6536
926
409
19895
15098
18931
11212
4333
15860
17933
9425
19618
2159
4975
13877
1356
11450
9960
8772
4469
5149
9175
4574
9306
19917
5813
15842
842
6223
19661
8874
12364
3807
417
12233
5460
11850
7619
18538
9158
5217
17908
16667
4314
7867
9159
8783
13016
18334
2321
1970
2890
1884
6533
12834
1341
5429
17426
17844
14799
18417
11406
6035
13665
19528
14973
13558
17435
15360
1592
9022
4518
10375
5758
6572
7452
8080
12263
14064
13685
18796
6897
18747
4989
12326
16172
11276
5282
3698
12863
164
13455
6527
3412
8427
3805
4567
3787
5398
13589
12026
19494
18599
10667
11148
14582
4730
8553
13378
11627
7299
7674
7191
13363
4927
3158
375
17790
7044
8037
5977
11842
18745
13485
17240
12333
5511
454
15401
7830
11121
6548
2411
15101
19510
11198
6120
1596
2592
13312
18681
19270
1959
5559
19645
3469
12603
17195
6780
6892
3347
5524
4098
4308
1577
4762
16979
4880
15883
7247
15454
2348
10522
10372
12189
12118
12965
5500
14519
12234
11180
78
15599
14649
12681
16514
6154
3181
3405
13223
12426
11224
1251
14004
4553
6013
14703
9433
5616
1949
4166
1069
8018
14688
207
10526
8126
9428
5045
359
608
15958
15257
12471
5132
19598
2075
852
14542
3326
18577
19096
9339
17000
12249
18676
18950
16415
3465
10688
14823
18627
10895
5349
6753
323
10394
7112
4652
19238
6791
3629
761
2982
12482
12909
6300
14557
13762
1603
16059
14663
13059
15907
13338
16043
16803
6416
10865
15430
17312
16214
2182
1355
10328
13015
9728
13357
14048
6509
9560
6956
12809
4116
13651
5720
497
17309
382
17277
16937
17442
13005
17965
19421
3843
13394
452
3778
5528
17827
16033
15256
7392
19559
12334
5160
6067
1893
15837
18877
9730
275
16248
4493
19554
5490
10493
715
18495
7192
14756
15795
2088
18534
18812
7616
14844
6593
14403
18927
16354
4190
819
12190
3066
10549
3035
9720
16592
12994
9889
10805
17430
12104
13740
12752
19549
15007
7164
15088
9279
13757
6281
7402
16404
2634
11593
943
18545
18380
15214
14731
1414
8654
18006
5368
12531
8564
10527
2626
2303
7000
2006
12686
12737
814
1964
9367
6618
9729
7561
8273
6495
4474
15149
13296
6200
516
18732
18320
5940
4344
3699
6195
5705
2652
10240
2560
12867
17335
15648
3205
7063
327
14487
19058
3387
982
9502
7861
16131
14061
16648
12553
16513
3681
14594
13213
13342
18938
16912
17532
8853
6338
18128
16578
4409
8093
13913
56
11298
4696
384
9505
3753
3771
10487
13256
15353
19774
13134
10707
12327
9647
14388
6920
2859
7730
5857
3491
8982
14710
10831
6407
18961
18029
4040
19017
9326
8736
3121
18832
12490
10613
13039
9466
5965
7098
9239
19100
17805
1565
12467
15914
19047
7364
1783
2537
66
214
16088
10897
10150
6215
13578
10255
16316
1225
18991
19437
3777
11480
10050
537
4666
19736
13906
2555
5440
19192
15022
1353
15119
17789
12438
16902
326
12504
836
134
7122
14708
6349
2886
16604
17015
7832
15594
172
15331
10795
13943
15868
15461
13678
7223
13087
19955
12663
16000
14976
17737
11118
16486
10174
11740
532
12577
9800
7284
7015
14220
13891
3618
11235
2932
15128
17448
9070
361
16630
6468
7585
6422
247
5119
16833
1604
15600
2136
18278
4870
2802
11798
12154
13538
6018
9765
17156
973
15208
3808
16101
19703
1256
5170
63
17886
15359
7648
11322
1781
11617
17038
6900
17043
17591
8504
12642
9884
14361
14641
14754
17163
6438
10628
16177
392
17150
19322
16971
19024
360
2140
19087
1966
17500
13289
3001
2072
9901
19115
11637
2125
11756
1521
206
10117
19996
1089
16556
14345
15510
14737
10806
17324
17779
9910
14294
16802
10271
155
15889
12237
1375
5525
12137
19572
17998
14972
14930
6727
171
565
166
5138
17121
14511
17294
12969
15174
14617
10747
5083
8911
11270
19075
9066
10879
11312
557
13080
3850
16535
8051
18780
18499
2671
8147
2837
17006
19905
1373
17199
17759
16547
11815
12226
5350
725
3495
4425
13512
14374
3952
19038
2489
12117
2744
3888
10085
6842
6108
12756
14989
8892
19315
15715
8797
383
808
18142
17355
5251
14088
6426
9698
17584
10851
15678
10308
10883
14716
14043
17093
10553
19838
14442
15434
6679
4270
11911
5389
11225
1103
1958
15329
5633
15395
17191
6708
646
11278
10344
